Summary for mnist with Balanced regime:
N: [8, 16, 32, 64, 128, 256, 512, 1024, 2048, 4096]
AUCs: 97.3736, 98.2313, 98.0811, 98.5969, 98.7004, 99.5831, 99.8720, 99.9523, 99.9778, 99.9880
TPR95: 87.6450, 92.1331, 90.8724, 93.3434, 94.0494, 98.2854, 99.4957, 99.7983, 100.0000, 100.0000
TPR99: 69.4402, 77.3575, 75.3404, 81.1901, 81.0388, 92.6878, 97.5290, 98.8906, 99.5461, 99.7479


Summary for fashionmnist with Balanced regime:
N: [8, 16, 32, 64, 128, 256, 512, 1024, 2048, 4096]
AUCs: 93.6182, 96.3828, 97.0718, 97.1947, 97.0173, 98.7641, 99.2451, 99.5564, 99.6787, 99.8073
TPR95: 72.0000, 82.6500, 87.5500, 87.9500, 86.1500, 94.3000, 96.7500, 98.4000, 98.8000, 99.3500
TPR99: 43.0500, 53.0000, 63.8000, 65.9000, 63.0000, 81.7000, 85.8500, 90.6000, 94.0500, 96.3000


Summary for mnist-fashionmnist with Balanced regime:
N: [8, 16, 32, 64, 128, 256, 512, 1024, 2048, 4096]
AUCs: 99.9331, 99.9572, 99.9871, 99.9957, 99.9995, 99.9998, 99.9999, 100.0000, 100.0000, 100.0000
TPR95: 99.7900, 99.8600, 99.9700, 99.9800, 100.0000, 100.0000, 100.0000, 100.0000, 100.0000, 100.0000
TPR99: 99.0100, 99.4900, 99.8300, 99.9500, 99.9800, 100.0000, 100.0000, 100.0000, 100.0000, 100.0000


Summary for svhn with Balanced regime:
N: [8, 16, 32, 64, 128, 256, 512, 1024, 2048, 4096]
AUCs: 57.1101, 56.1246, 54.7452, 54.6256, 54.0683, 53.9554, 55.3590, 54.7540, 52.3116, 56.7950
TPR95: 9.7389, 9.1244, 8.2642, 8.5407, 8.2028, 7.8341, 7.0661, 7.1889, 7.5883, 9.5545
TPR99: 2.7035, 2.3041, 2.1813, 2.2120, 2.2427, 1.7204, 1.9048, 2.1505, 2.0276, 2.6114


Summary for cifar10-svhn with Balanced regime:
N: [8, 16, 32, 64, 128, 256, 512, 1024, 2048, 4096]
AUCs: 70.5436, 75.1071, 82.3601, 89.4842, 90.9997, 90.5976, 91.6815, 91.3996, 76.3016, 88.7385
TPR95: 26.3675, 28.6494, 33.0824, 42.0406, 50.7337, 57.8058, 67.1404, 64.6819, 55.5509, 65.9957
TPR99: 10.2643, 11.9430, 13.4719, 17.2096, 22.7873, 28.0731, 36.8546, 35.3642, 36.7279, 37.6575


Summary for fashionmnist-R2 with Imbalanced regime:
N: [8, 16, 32, 64, 128, 256, 512, 1024, 2048, 4096]
AUCs: 69.6356, 75.6327, 80.6290, 84.0381, 87.7263, 87.6713, 87.5098, 91.1633, 88.0254, 86.8046
TPR95: 42.0000, 47.5000, 51.2000, 50.0000, 54.1000, 54.2500, 57.3000, 63.1500, 60.0000, 58.6000
TPR99: 32.6000, 37.2500, 43.3500, 40.7500, 43.1000, 42.6000, 45.5500, 48.6000, 48.6500, 49.6500


Summary for svhn-R2 with Imbalanced regime:
N: [8, 16, 32, 64, 128, 256, 512, 1024, 2048, 4096]
AUCs: 57.1119, 56.7943, 55.6530, 55.1412, 54.6296, 54.2629, 53.9722, 54.9102, 53.7587, 52.3659
TPR95: 8.2335, 8.6022, 8.3564, 8.5100, 8.1720, 8.4485, 7.7419, 6.7896, 6.8817, 7.8034
TPR99: 1.8126, 1.9969, 1.9662, 2.2734, 2.1505, 2.3349, 1.8126, 1.7512, 1.9662, 2.0276


